2058
2029
1992
1976
1965
1969
1988
2011
2023
2025
2024
2017
2023
2045
2081
2121
2137
2132
2113
2088
2069
2067
2075
2085
2091
2079
2067
2063
2067
2088
2117
2139
2139
2139
2131
2122
2123
2137
2154
2170
2194
2202
2198
2184
2167
2150
2149
2165
2174
2171
2164
2158
2164
2179
2207
2242
2273
2292
2291
2274
2255
2243
2235
2239
2238
2229
2222
2215
2212
2204
2202
2213
2229
2244
2246
2217
2169
2123
2096
2082
2075
2064
2046
2008
1971
1943
1930
1923
1933
1951
1964
1968
1955
1934
1916
1902
1901
1909
1909
1899
1882
1855
1831
1824
1824
1842
1869
1893
1899
1889
1869
1849
1835
1827
1831
1827
1823
1812
1801
1792
1796
1816
1845
1881
1895
1906
1896
1879
1867
1866
1883
1901
1914
1905
1884
1872
1870
1876
1887
1904
1911
1904
1886
1858
1834
1818
1822
1843
1868
1891
1911
1915
1904
1880
1869
1855
1855
1863
1865
1861
1858
1854
1866
1885
1914
1926
1928
1908
1878
1855
1842
1844
1863
1886
1913
1918
1918
1907
1907
1917
1931
1947
1958
1942
1903
1859
1840
1831
1836
1850
1869
1881
1888
1889
1900
1917
1931
1953
1968
1967
1953
1934
1923
1922
1937
1958
1975
1977
1969
1959
1951
1942
1950
1971
1992
2003
2003
1988
1968
1947
1931
1936
1952
1974
2001
2006
1995
1974
1957
1967
1985
2008
2027
2030
2019
1987
1960
1946
1954
1979
2000
2006
1989
1959
1929
1904
1896
1897
1908
1923
1937
1936
1936
1922
1919
1919
1919
1914
1908
1890
1877
1872
1879
1894
1914
1932
1929
1901
1852
1808
1780
1773
1809
1857
1885
1898
1896
1872
1843
1837
1854
1888
1915
1941
1961
1965
1966
1977
1981
1999
2020
2039
2047
2053
2085
2122
2174
2224
2273
2321
2325
2250
2103
1941
1781
1667
1589
1549
1534
1528
1531
1551
1593
1659
1745
1831
1910
1967
2009
2032
2038
2039
2037
2042
2053
2068
2064
2039
2008
2006
2013
2042
2050
2033
1973
1927
1915
1949
1995
2037
2072
2086
2074
2054
2039
2027
2042
2070
2116
2136
2135
2128
2121
2106
2094
2097
2099
2123
2148
2153
2137
2107
2091
2083
2086
2091
2097
2100
2101
2098
2096
2089
2102
2121
2130
2121
2094
2067
2051
2059
2086
2123
2162
2179
2177
2153
2125
2109
2113
2138
2167
2187
2192
2183
2173
2166
2170
2176
2193
2209
2210
2193
2175
2165
2171
2188
2218
2244
2249
2242
2223
2202
2182
2173
2179
2190
2204
2203
2193
2178
2169
2171
2187
2202
2209
2202
2172
2128
2083
2047
2029
2032
2041
2035
2018
1989
1961
1939
1925
1916
1923
1930
1919
1890
1859
1845
1851
1869
1888
1906
1921
1930
1923
1904
1886
1880
1873
1876
1878
1860
1840
1824
1815
1825
1849
1875
1902
1907
1898
1883
1872
1873
1887
1915
1941
1953
1956
1950
1945
1942
1945
1948
1950
1947
1930
1916
1906
1902
1902
1904
1916
1926
1926
1906
1882
1861
1856
1867
1884
1907
1920
1918
1901
1882
1872
1881
1896
1913
1923
1924
1917
1900
1886
1885
1897
1915
1929
1932
1916
1890
1862
1854
1859
1883
1903
1913
1907
1896
1895
1899
1902
1909
1907
1895
1876
1857
1846
1840
1847
1857
1873
1889
1889
1883
1864
1853
1850
1864
1885
1901
1919
1923
1917
1920
1931
1954
1973
1986
1986
1978
1959
1939
1930
1930
1938
1953
1963
1954
1940
1926
1919
1929
1945
1960
1973
1974
1968
1969
1967
1972
1983
2003
2011
2005
1982
1962
1933
1917
1908
1900
1907
1905
1885
1847
1808
1781
1766
1763
1769
1782
1784
1788
1788
1783
1794
1818
1849
1877
1898
1904
1894
1878
1866
1854
1851
1863
1882
1894
1893
1883
1874
1878
1897
1919
1936
1946
1945
1934
1923
1923
1937
1957
1975
1987
2000
2014
2037
2066
2117
2170
2224
2247
2203
2089
1935
1767
1637
1544
1494
1485
1511
1546
1591
1631
1680
1735
1799
1863
1917
1948
1954
1957
1955
1965
1985
2004
2015
2008
1991
1979
1968
1968
1989
2009
2022
2022
2011
1994
1971
1953
1956
1980
2005
2018
2011
1988
1964
1953
1953
1971
1996
2022
2025
2014
2003
1989
1981
1988
2005
2022
2032
2023
2013
2008
2010
2021
2037
2056
2083
2086
2074
2065
2059
2065
2082
2110
2130
2135
2122
2105
2088
2083
2096
2119
2141
2154
2162
2150
2135
2128
2129
2141
2157
2163
2161
2155
2153
2154
2166
2192
2217
2236
2237
2224
2208
2202
2211
2242
2283
2316
2331
2320
2286
2248
2210
2192
2190
2198
2204
2197
2178
2143
2113
2089
2079
2075
2074
2061
2042
2006
1983
1968
1955
1947
1939
1921
1894
1869
1845
1829
1827
1837
1855
1869
1869
1856
1846
1840
1848
1855
1869
1879
1869
1851
1827
1811
1808
1814
1825
1840
1844
1839
1830
1817
1808
1809
1826
1851
1876
1894
1893
1879
1867
1870
1873
1878
1874
1857
1837
1818
1805
1809
1824
1854
1885
1907
1915
1914
1907
1906
1909
1915
1932
1942
1950
1941
1919
1903
1895
1899
1912
1930
1936
1926
1907
1887
1874
1882
1898
1922
1936
1942
1942
1936
1932
1936
1946
1957
1959
1951
1933
1909
1876
1858
1867
1894
1912
1907
1897
1876
1863
1862
1879
1907
1926
1936
1931
1920
1907
1901
1916
1939
1962
1969
1954
1925
1885
1857
1851
1865
1897
1926
1945
1948
1944
1936
1926
1920
1922
1935
1940
1939
1930
1915
1911
1919
1931
1940
1942
1936
1921
1907
1898
1904
1917
1934
1957
1967
1960
1949
1933
1923
1933
1957
1981
2005
2009
1999
1980
1969
1966
1975
1983
1979
1960
1928
1887
1855
1842
1854
1872
1897
1913
1911
1896
1874
1851
1841
1849
1867
1885
1887
1882
1865
1855
1852
1861
1882
1905
1914
1901
1874
1845
1830
1832
1850
1863
1876
1893
1904
1911
1919
1929
1943
1955
1953
1941
1927
1922
1931
1957
1996
2041
2093
2151
2180
2196
2215
2240
2244
2199
2096
1963
1805
1669
1568
1504
1488
1515
1571
1638
1699
1740
1768
1797
1839
1895
1957
2015
2050
2069
