1949
1961
1953
1923
1890
1868
1872
1895
1922
1946
1955
1950
1930
1905
1895
1899
1922
1939
1943
1936
1919
1911
1915
1939
1976
2008
2022
2026
2020
2026
2040
2070
2122
2167
2188
2199
2200
2199
2186
2139
2058
1956
1823
1702
1592
1509
1473
1472
1517
1596
1683
1770
1840
1885
1905
1928
1943
1965
1993
2016
2024
2011
1983
1943
1915
1907
1931
1958
1985
1991
1984
1969
1955
1961
1975
1997
2017
2019
2006
1988
1971
1968
1986
2012
2030
2045
2045
2029
2010
2003
2007
2027
2053
2075
2067
2047
2013
2001
2001
2019
2039
2064
2078
2067
2047
2026
2032
2053
2082
2096
2087
2066
2043
2023
2020
2038
2077
2115
2124
2113
2094
2083
2091
2109
2143
2179
2209
2219
2206
2178
2151
2139
2145
2165
2190
2205
2212
2208
2204
2215
2237
2267
2298
2299
2275
2240
2210
2197
2208
2223
2233
2237
2228
2205
2173
2146
2141
2160
2187
2212
2210
2182
2142
2094
2059
2041
2036
2051
2058
2039
1997
1961
1933
1927
1930
1939
1955
1959
1948
1933
1919
1915
1923
1936
1939
1921
1889
1854
1817
1814
1824
1845
1867
1878
1876
1867
1863
1864
1869
1874
1884
1886
1880
1857
1835
1817
1815
1835
1874
1911
1932
1930
1915
1891
1877
1874
1895
1921
1939
1939
1919
1879
1848
1832
1835
1857
1874
1881
1874
1861
1851
1853
1872
1907
1943
1957
1955
1934
1913
1892
1885
1895
1914
1930
1928
1909
1891
1877
1883
1906
1934
1952
1953
1927
1887
1865
1863
1879
1907
1934
1942
1936
1915
1892
1879
1879
1888
1898
1904
1904
1894
1887
1891
1907
1935
1970
1998
2005
1982
1943
1902
1881
1881
1903
1927
1945
1953
1943
1919
1899
1893
1898
1902
1901
1898
1890
1873
1866
1876
1899
1921
1941
1940
1931
1902
1890
1884
1905
1930
1958
1977
1981
1969
1956
1948
1939
1929
1914
1894
1872
1849
1828
1824
1841
1871
1907
1936
1949
1937
1909
1885
1877
1897
1933
1968
1990
1990
1975
1944
1916
1902
1904
1925
1956
1963
1955
1937
1909
1895
1887
1889
1894
1897
1899
1897
1892
1899
1908
1930
1941
1949
1953
1949
1937
1928
1939
1959
1977
1991
1984
1968
1949
1934
1934
1955
1981
2003
2002
1979
1953
1934
1931
1958
1996
2021
2032
2030
2007
1983
1958
1956
1971
1983
1985
1974
1948
1936
1937
1946
1971
2000
2026
2039
2032
2015
2001
1983
1982
1988
2002
2008
2001
1984
1962
1945
1943
1955
1978
1997
1997
1970
1935
1910
1899
1907
1933
1959
1975
1972
1951
1922
1900
1899
1915
1944
1960
1956
1941
1923
1908
1910
1925
1940
1951
1948
1940
1932
1930
1942
1976
2014
2033
2029
2011
1997
1985
1985
2006
2047
2091
2127
2128
2117
2119
2139
2178
2236
2304
2335
2293
2166
1995
1805
1668
1584
1552
1555
1575
1607
1638
1675
1726
1793
1875
1952
2000
2022
2015
1991
1960
1949
1963
1994
2015
2022
2005
1979
1964
1968
1990
2025
2053
2077
2072
2064
2051
2051
2059
2080
2094
2093
2070
2039
2005
1991
1994
2007
2027
2045
2055
2057
2047
2021
2008
2017
2027
2043
2052
2063
2047
2041
2035
2054
2093
2123
2131
2117
2096
2069
2064
2084
2111
2146
2174
2192
2180
2160
2136
2123
2118
2121
2125
2121
2111
2094
2079
2084
2112
2153
2194
2224
2222
2190
2158
2146
2160
2198
2237
2265
2280
2281
2263
2251
2253
2270
2288
2301
2313
2304
2284
2252
2235
2239
2262
2292
2300
2290
2258
2210
2158
2111
2086
2086
2094
2091
2078
2058
2037
2011
2003
2005
2011
2011
1994
1967
1938
1917
1926
1943
1962
1970
1965
1946
1917
1898
1889
1894
1906
1917
1910
1900
1892
1883
1885
1904
1928
1942
1936
1911
1875
1848
1833
1840
1864
1892
1917
1922
1910
1890
1875
1866
1872
1888
1906
1911
1898
1878
1865
1863
1881
1911
1933
1941
1929
1909
1889
1869
1884
1911
1951
1963
1950
1919
1889
1865
1858
1866
1883
1895
1901
1899
1886
1872
1865
1878
1912
1947
1969
1973
1960
1943
1934
1936
1944
1962
1975
1979
1963
1940
1919
1900
1899
1898
1903
1907
1905
1900
1902
1911
1932
1956
1971
1969
1947
1916
1877
1849
1844
1858
1884
1909
1923
1925
1922
1931
1936
1949
1960
1966
1957
1937
1899
1873
1872
1889
1927
1968
1997
1997
1975
1944
1913
1904
1913
1931
1938
1930
1913
1895
1885
1882
1891
1907
1925
1939
1941
1923
1893
1874
1876
1900
1922
1946
1958
1949
1925
1906
1897
1906
1925
1937
1942
1934
1921
1909
1909
1926
1956
1985
1983
1971
1941
1906
1878
1873
1891
1920
1949
1958
1947
1926
1904
1907
1934
1964
1988
1985
1959
1922
1897
1892
1907
1939
1967
1980
1962
1933
1904
1895
1910
1942
1972
1993
1993
1970
1931
1906
1912
1937
1968
1985
1988
1966
1939
1921
1919
1939
1965
1992
2006
2005
1993
1972
1959
1966
1987
2011
2023
2018
1996
1982
1974
1973
1989
2015
2037
2054
2061
2042
2007
1986
1983
1995
1997
1997
1986
1967
1951
1940
1940
1948
1957
1959
1949
1934
1914
1906
1898
1909
1924
1938
1946
1942
1927
1911
1906
1911
1931
1959
1979
1983
1969
1955
1950
1946
1957
1968
1966
1953
1921
1893
1883
1896
1922
1957
1990
2005
2006
1993
1974
1966
1974
2005
2035
2067
2096
2101
2110
2128
2159
2192
2236
2267
2263
2199
2073
1928
1791
1687
1610
1562
1543
1540
1560
1593
1645
1718
1799
1878
1946
1988
2008
2005
2004
2003
2007
2009
2010
1998
1978
1962
1963
1971
1990
2001
2010
2010
2003
1990
1973
1983
2001
2025
2037
2040
2037
2027
2015
2010
2013
2026
2046
2058
2060
2034
1990
1973
1973
1987
2018
2053
2082
2086
2078
2070
2070
2076
2085
2098
2106
2094
2075
2050
2037
2020
2036
2057
2083
2091
2088
2078
2070
2082
2100
2131
2156
2171
2164
2145
2131
2125
2139
2167
2199
2214
2209
2202
2183
2168
2182
2209
2245
2274
2291
2292
2277
2261
2251
2262
2283
2297
