1751,1772,1775,1763,1743,1717,1694,1678,1667,1673
1688,1706,1721,1731,1727,1716,1703,1694,1691,1697
1712,1725,1729,1722,1712,1701,1701,1713,1730,1746
1747,1744,1731,1717,1714,1718,1732,1748,1759,1761
1750,1738,1732,1733,1746,1761,1774,1778,1772,1761
1755,1756,1766,1780,1799,1809,1810,1801,1793,1792
1803,1821,1844,1861,1865,1857,1846,1845,1855,1872
1895,1911,1915,1911,1905,1900,1904,1921,1946,1973
1993,2002,2003,2003,2007,2021,2043,2069,2094,2103
2102,2097,2096,2103,2120,2141,2157,2163,2157,2150
2147,2157,2173,2192,2206,2210,2199,2179,2156,2139
2136,2139,2134,2117,2085,2046,1998,1960,1936,1925
1922,1913,1895,1867,1831,1796,1776,1767,1764,1764
1759,1746,1726,1706,1695,1695,1705,1721,1729,1723
1712,1697,1687,1685,1691,1699,1709,1710,1703,1695
1686,1685,1691,1702,1711,1710,1700,1686,1671,1666
1672,1691,1714,1735,1744,1739,1729,1718,1716,1722
1731,1738,1738,1729,1718,1712,1713,1729,1745,1759
1765,1757,1742,1729,1719,1723,1743,1766,1778,1779
1764,1743,1727,1726,1736,1754,1767,1769,1759,1748
1740,1739,1749,1766,1778,1780,1769,1755,1742,1741
1752,1768,1784,1790,1783,1767,1747,1738,1739,1754
1767,1779,1779,1766,1747,1729,1723,1727,1739,1755
1766,1768,1758,1742,1734,1735,1744,1761,1775,1774
1759,1740,1726,1724,1731,1745,1761,1768,1766,1756
1744,1735,1735,1744,1751,1753,1750,1744,1739,1739
1744,1750,1759,1763,1759,1747,1735,1728,1731,1744
1756,1766,1771,1767,1762,1757,1756,1765,1779,1789
1790,1781,1762,1744,1736,1747,1769,1791,1804,1803
1791,1771,1759,1761,1773,1794,1812,1819,1811,1795
1782,1775,1780,1795,1814,1827,1827,1821,1808,1799
1797,1809,1827,1842,1845,1837,1820,1811,1811,1817
1833,1847,1853,1848,1835,1822,1817,1824,1839,1856
1870,1873,1867,1859,1856,1869,1891,1915,1929,1927
1919,1909,1906,1915,1937,1962,1987,2005,2013,2008
2001,2002,2015,2040,2076,2115,2133,2139,2129,2112
2093,2074,2057,2041,2014,1986,1957,1930,1907,1893
1882,1874,1863,1850,1838,1827,1823,1831,1845,1861
1865,1863,1849,1833,1819,1818,1827,1841,1852,1857
1853,1848,1837,1832,1835,1849,1863,1863,1846,1796
1721,1648,1584,1541,1527,1552,1605,1699,1861,2087
2362,2660,2970,3241,3443,3562,3595,3550,3441,3282
3076,2844,2600,2346,2102,1886,1707,1603,1541,1510
1514,1547,1601,1669,1746,1815,1864,1891,1896,1882
1858,1830,1810,1806,1816,1837,1860,1873,1872,1862
1853,1851,1855,1862,1869,1876,1875,1870,1857,1850
1855,1868,1888,1907,1912,1906,1894,1885,1881,1886
1900,1919,1929,1931,1926,1918,1915,1926,1939,1957
1975,1979,1971,1954,1941,1943,1958,1979,2000,2012
2014,2007,1997,1997,2007,2021,2042,2057,2069,2064
2054,2045,2043,2057,2083,2098,2103,2101,2096,2093
2099,2120,2145,2172,2193,2197,2194,2189,2194,2208
2229,2257,2277,2283,2279,2271,2269,2278,2296,2314
2329,2340,2343,2344,2341,2343,2352,2367,2380,2387
2382,2368,2353,2347,2351,2360,2369,2367,2348,2319
2286,2253,2227,2209,2200,2187,2160,2123,2080,2043
2012,2006,2009,2014,2010,1991,1963,1930,1911,1905
1911,1919,1924,1920,1910,1892,1879,1874,1886,1898
1910,1909,1897,1880,1866,1857,1862,1879,1898,1909
1910,1898,1886,1877,1880,1891,1910,1916,1912,1895
1875,1865,1870,1885,1908,1933,1945,1939,1918,1899
1890,1896,1909,1927,1936,1934,1923,1909,1899,1904
1915,1927,1936,1936,1925,1911,1900,1896,1907,1926
1943,1950,1946,1931,1915,1906,1905,1913,1922,1925
1923,1915,1911,1911,1918,1931,1943,1950,1944,1930
1914,1904,1904,1916,1933,1948,1952,1941,1923,1907
1902,1908,1921,1943,1953,1952,1937,1923,1915,1917
1929,1945,1956,1958,1947,1934,1926,1926,1939,1958
1969,1974,1962,1940,1919,1909,1911,1922,1937,1947
1943,1930,1916,1907,1911,1929,1955,1975,1978,1962
1938,1917,1906,1910,1923,1941,1954,1957,1950,1941
1933,1932,1943,1954,1957,1948,1931,1915,1911,1924
1951,1976,1992,1990,1977,1957,1942,1937,1948,1963
1981,1988,1983,1971,1955,1947,1954,1970,1985,1994
1992,1981,1964,1954,1953,1961,1978,1991,1994,1986
1970,1956,1951,1959,1975,1993,2000,1993,1976,1963
1958,1960,1975,1992,2000,1995,1977,1958,1943,1946
1963,1990,2011,2019,2015,1997,1983,1975,1977,1989
1999,2005,1998,1984,1972,1967,1974,1986,2000,2011
2015,2009,1999,1995,2003,2021,2047,2072,2090,2094
2088,2083,2083,2093,2112,2132,2146,2148,2143,2135
2134,2147,2176,2210,2239,2251,2245,2224,2197,2169
2149,2134,2122,2109,2087,2058,2026,1986,1963,1951
1949,1949,1943,1930,1918,1909,1912,1922,1933,1939
1939,1927,1910,1899,1895,1900,1909,1917,1919,1911
1897,1886,1882,1888,1897,1895,1867,1802,1716,1631
1561,1527,1537,1590,1683,1835,2045,2294,2574,2872
3173,3428,3617,3723,3733,3647,3486,3265,3012,2757
2502,2261,2037,1828,1671,1569,1503,1482,1500,1558
1633,1719,1796,1852,1886,1901,1901,1891,1874,1851
1827,1811,1809,1824,1846,1866,1875,1874,1861,1841
1831,1835,1849,1863,1874,1877,1868,1854,1840,1839
1847,1860,1875,1881,1879,1872,1863,1861,1867,1882
1895,1906,1906,1896,1885,1882,1890,1909,1931,1947
1945,1930,1909,1899,1901,1916,1941,1961,1968,1962
1951,1936,1931,1940,1957,1982,2002,2011,2008,2002
1998,2002,2019,2042,2061,2080,2082,2083,2083,2089
2105,2129,2153,2168,2171,2169,2163,2165,2180,2207
2232,2249,2254,2256,2256,2261,2276,2301,2327,2344
2348,2340,2328,2322,2324,2338,2360,2381,2391,2389
2377,2359,2341,2331,2323,2316,2304,2282,2252,2221
2194,2170,2154,2139,2123,2100,2065,2022,1977,1947
1934,1933,1930,1919,1900,1867,1833,1808,1799,1808
1817,1825,1821,1804,1783,1766,1763,1773,1789,1800
1802,1794,1782,1769,1766,1777,1794,1806,1808,1798
1782,1767,1755,1755,1767,1782,1796,1795,1783,1767
1751,1747,1756,1776,1796,1802,1796,1785,1771,1766
1770,1781,1791,1798,1792,1777,1763,1751,1753,1763
1779,1791,1792,1781,1766,1754,1755,1768,1786,1799
1801,1791,1773,1759,1750,1757,1771,1790,1801,1802
1790,1777,1765,1766,1775,1786,1794,1787,1776,1757
1750,1755,1767,1781,1794,1795,1784,1769,1758,1755
1764,1780,1798,1806,1802,1788,1772,1757,1753,1759
1773,1788,1793,1786,1774,1764,1761,1771,1783,1791
1792,1784,1773,1764,1764,1775,1789,1799,1804,1798
1785,1772,1760,1765,1779,1795,1808,1808,1796,1781
1769,1764,1771,1783,1790,1791,1781,1771,1761,1764
1779,1799,1816,1826,1824,1812,1795,1786,1785,1792
1806,1814,1809,1795,1778,1767,1769,1785,1810,1829
1835,1823,1804,1786,1781,1790,1808,1824,1834,1837
1827,1812,1803,1803,1817,1832,1846,1849,1842,1827
1813,1810,1819,1833,1847,1851,1845,1833,1822,1819
1823,1835,1849,1858,1858,1844,1829,1818,1819,1833
1850,1866,1873,1869,1856,1841,1836,1841,1851,1866
1872,1872,1861,1852,1849,1855,1872,1893,1908,1915
1914,1907,1901,1905,1922,1947,1971,1986,1988,1981
1975,1978,1990,2010,2032,2051,2064,2068,2072,2081
2104,2131,2153,2160,2144,2109,2066,2026,1993,1984
1987,1983,1964,1929,1883,1841,1816,1815,1827,1843
1855,1855,1846,1831,1823,1824,1832,1845,1856,1855
1842,1826,1813,1810,1821,1840,1857,1864,1858,1840
1818,1787,1746,1694,1640,1585,1535,1507,1515,1573
1689,1891,2154,2448,2750,3043,3297,3489,3621,3683
3661,3558,3367,3106,2816,2525,2251,2015,1813,1673
1573,1494,1440,1413,1437,1506,1605,1707,1801,1856
1870,1851,1821,1795,1785,1790,1799,1808,1808,1804
1798,1795,1801,1817,1833,1843,1839,1827,1808,1795
1797,1814,1838,1857,1866,1864,1856,1851,1855,1865
1879,1897,1905,1900,1888,1872,1866,1869,1885,1907
1919,1917,1908,1897,1894,1905,1923,1944,1958,1956
1942,1927,1918,1923,1942,1963,1987,2000,2003,1994
1986,1979,1983,2001,2021,2042,2053,2057,2047,2035
2040,2054,2082,2098,2107,2107,2099,2096,2103,2123
2150,2176,2196,2208,2212,2214,2222,2235,2256,2273
2283,2284,2281,2275,2275,2288,2313,2339,2361,2375
2375,2366,2355,2353,2361,2373,2384,2381,2365,2339
2315,2295,2280,2267,2254,2234,2206,2167,2123,2085
2062,2047,2037,2033,2015,1993,1965,1939,1919,1911
1904,1901,1893,1874,1852,1832,1821,1822,1835,1851
1859,1857,1843,1827,1818,1811,1813,1818,1822,1821
1809,1791,1782,1783,1795,1813,1829,1836,1829,1814
1800,1794,1801,1816,1827,1834,1828,1817,1801,1793
1796,1810,1825,1835,1838,1831,1821,1811,1808,1817
1834,1854,1859,1855,1845,1835,1833,1840,1851,1860
1864,1853,1835,1812,1801,1803,1821,1842,1858,1864
1857,1843,1830,1827,1834,1855,1870,1873,1863,1842
1823,1812,1819,1835,1850,1859,1859,1851,1837,1827
1824,1832,1845,1858,1865,1859,1845,1834,1831,1840
1855,1872,1875,1875,1861,1847,1844,1851,1869,1890
1898,1891,1874,1851,1835,1831,1843,1863,1881,1886
1878,1861,1851,1849,1858,1877,1891,1895,1882,1860
1837,1828,1831,1847,1870,1886,1890,1880,1865,1851
1847,1854,1867,1882,1883,1874,1856,1840,1835,1842
1861,1881,1894,1892,1878,1862,1856,1859,1878,1892
1899,1895,1882,1862,1847,1845,1853,1872,1884,1883
1872,1857,1847,1846,1856,1875,1890,1896,1889,1876
1859,1847,1850,1864,1883,1895,1896,1884,1866,1855
1853,1864,1881,1896,1901,1894,1877,1860,1847,1846
1853,1867,1883,1891,1886,1876,1867,1867,1876,1889
1897,1899,1895,1886,1885,1891,1906,1922,1936,1944
1944,1943,1943,1952,1971,1998,2028,2045,2047,2034
2017,2004,2013,2037,2075,2114,2133,2136,2121,2095
2059,2032,2011,2001,1991,1967,1929,1889,1851,1824
1809,1810,1815,1816,1809,1799,1791,1793,1804,1817
1827,1819,1806,1788,1776,1772,1779,1787,1799,1802
1793,1777,1763,1757,1755,1749,1731,1689,1627,1555
1488,1445,1444,1493,1594,1742,1961,2217,2497,2787
3077,3327,3512,3624,3642,3559,3390,3148,2874,2601
2339,2104,1894,1706,1570,1459,1383,1346,1358,1416
1501,1591,1665,1712,1735,1740,1738,1733,1727,1718
1707,1689,1674,1673,1681,1697,1719,1735,1737,1724
1706,1695,1695,1703,1716,1727,1727,1720,1707,1701
1699,1712,1728,1748,1763,1768,1763,1751,1747,1753
1765,1777,1787,1785,1775,1758,1745,1742,1753,1779
1799,1808,1805,1794,1781,1776,1781,1801,1820,1830
1829,1819,1810,1806,1811,1826,1847,1862,1868,1863
1853,1847,1851,1867,1893,1919,1936,1939,1936,1933
1939,1952,1978,2000,2017,2018,2012,2007,2012,2024
2051,2089,2113,2123,2121,2113,2110,2121,2144,2170
2194,2207,2214,2208,2201,2200,2208,2226,2242,2248
2244,2227,2206,2187,2173,2168,2166,2158,2138,2106
2071,2032,1992,1971,1959,1949,1932,1900,1864,1828
1800,1782,1772,1771,1765,1751,1730,1709,1693,1684
1687,1694,1700,1701,1695,1683,1669,1664,1668,1676
1687,1692,1688,1678,1666,1660,1663,1674,1683,1687
1680,1664,1652,1648,1651,1668,1688,1701,1701,1690
1672,1660,1661,1671,1687,1704,1712,1709,1693,1677
1666,1668,1680,1695,1706,1712,1705,1693,1685,1685
1695,1704,1706,1703,1692,1682,1674,1677,1686,1699
1709,1713,1712,1700,1691,1689,1695,1707,1717,1722
1717,1709,1701,1696,1699,1712,1725,1733,1728,1715
1701,1689,1687,1698,1715,1729,1734,1732,1721,1707
1698,1694,1703,1718,1729,1729,1719,1707,1699,1694
1702,1714,1721,1722,1712,1698,1684,1684,1694,1714
1733,1746,1744,1731,1713,1704,1708,1720,1732,1738
1735,1722,1707,1697,1697,1705,1717,1730,1731,1727
1718,1711,1709,1721,1735,1749,1752,1746,1728,1713
1708,1715,1726,1740,1749,1751,1746,1739,1735,1737
1742,1751,1754,1750,1739,1730,1721,1722,1733,1748
1764,1769,1768,1759,1749,1741,1744,1757,1773,1781
1778,1767,1752,1741,1739,1748,1766,1779,1785,1781
1773,1770,1771,1785,1804,1825,1839,1837,1824,1811
1813,1831,1855,1882,1904,1913,1913,1907,1905,1915
1936,1957,1974,1983,1986,1989,1992,2000,2013,2030
2033,2021,1991,1954,1919,1893,1878,1871,1868,1859
1837,1803,1770,1749,1740,1746,1760,1782,1792,1791
1783,1776,1767,1769,1781,1794,1805,1805,1795,1784
1780,1782,1795,1806,1813,1803,1769,1713,1647,1583
1532,1504,1501,1533,1594,1694,1869,2115,2410,2722
3032,3293,3475,3570,3576,3497,3349,3146,2899,2642
2379,2120,1888,1691,1573,1494,1451,1433,1438,1472
1526,1598,1678,1757,1822,1860,1866,1849,1818,1786
1770,1772,1786,1802,1814,1822,1820,1808,1797,1798
1806,1823,1836,1845,1841,1829,1819,1822,1831,1846
1861,1870,1867,1854,1841,1838,1848,1868,1890,1907
1908,1899,1883,1873,1878,1891,1911,1927,1939,1937
1925,1914,1913,1925,1943,1961,1973,1975,1966,1954
1947,1952,1971,1998,2021,2031,2031,2028,2026,2030
2041,2056,2081,2096,2100,2098,2089,2084,2093,2117
2139,2151,2150,2145,2145,2150,2168,2198,2231,2257
2273,2272,2266,2266,2277,2298,2325,2352,2366,2368
2358,2345,2337,2343,2363,2385,2405,2411,2405,2395
2391,2389,2393,2397,2397,2384,2355,2321,2285,2255
2233,2218,2203,2182,2152,2115,2076,2047,2027,2023
2016,2003,1982,1952,1923,1904,1903,1912,1923,1930
1924,1907,1883,1864,1860,1869,1887,1902,1903,1889
1867,1849,1838,1842,1861,1880,1893,1893,1881,1863
1853,1855,1871,1893,1907,1913,1908,1894,1879,1867
1864,1873,1887,1900,1904,1896,1889,1883,1891,1907
1923,1931,1925,1911,1893,1879,1878,1889,1909,1924
1931,1928,1915,1904,1899,1904,1915,1927,1933,1928
1915,1901,1893,1895,1906,1927,1941,1942,1931,1916
1904,1901,1909,1924,1936,1938,1931,1921,1910,1910
1922,1941,1963,1972,1963,1942,1919,1905,1904,1915
1936,1950,1952,1943,1930,1919,1916,1929,1946,1960
1960,1946,1923,1905,1899,1911,1931,1952,1967,1968
1953,1936,1920,1915,1930,1946,1962,1968,1959,1943
1930,1926,1931,1948,1965,1971,1961,1942,1926,1919
1922,1933,1950,1962,1963,1952,1939,1930,1925,1935
1950,1962,1964,1957,1945,1934,1931,1937,1954,1963
1966,1961,1948,1937,1931,1936,1946,1957,1960,1955
1943,1931,1925,1933,1953,1973,1991,1997,1993,1980
1971,1979,1998,2027,2053,2076,2075,2069,2059,2060
2071,2085,2097,2109,2117,2123,2132,2151,2175,2199
2216,2214,2189,2148,2098,2056,2035,2022,2024,2023
2010,1981,1945,1908,1885,1879,1887,1898,1907,1909
1901,1891,1882,1881,1890,1907,1920,1919,1905,1882
1867,1863,1875,1892,1906,1911,1901,1878,1844,1795
1742,1692,1646,1607,1585,1593,1635,1733,1915,2161
2445,2738,3024,3266,3433,3526,3553,3507,3399,3231
3007,2754,2499,2253,2042,1864,1737,1653,1593,1547
1529,1550,1604,1686,1787,1878,1933,1948,1931,1890
1853,1833,1830,1840,1858,1873,1878,1872,1859,1858
1865,1877,1887,1893,1885,1872,1861,1858,1863,1879
1901,1917,1920,1909,1895,1885,1884,1893,1909,1923
1930,1926,1919,1911,1910,1923,1943,1964,1971,1963
1943,1919,1908,1914,1933,1957,1979,1990,1987,1979
1973,1973,1981,1993,2006,2013,2011,2001,1990,1987
1995,2011,2034,2047,2059,2065,2058,2056,2067,2085
2109,2128,2139,2136,2121,2108,2110,2129,2161,2197
2224,2235,2233,2225,2219,2219,2230,2249,2271,2288
2295,2299,2306,2315,2335,2352,2363,2362,2352,2335
2323,2318,2325,2338,2347,2345,2331,2304,2269,2234
2207,2187,2171,2147,2115,2076,2034,1991,1970,1963
1963,1963,1951,1927,1895,1864,1846,1842,1844,1851
1853,1845,1829,1812,1796,1788,1794,1806,1821,1827
1828,1825,1813,1805,1805,1813,1818,1815,1806,1791
1783,1783,1786,1799,1811,1811,1799,1782,1765,1759
1771,1795,1821,1841,1846,1835,1811,1791,1781,1786
1799,1818,1827,1826,1817,1805,1801,1812,1833,1851
1855,1841,1815,1790,1777,1779,1798,1818,1837,1846
1840,1822,1806,1799,1806,1821,1840,1850,1843,1827
1812,1807,1814,1832,1849,1859,1857,1843,1823,1809
1808,1814,1828,1842,1848,1844,1833,1825,1824,1829
1840,1848,1850,1841,1826,1813,1807,1812,1822,1837
1846,1843,1833,1822,1813,1810,1819,1834,1851,1855
1845,1828,1816,1815,1824,1836,1847,1847,1836,1822
1811,1810,1817,1833,1847,1854,1845,1830,1815,1810
1814,1825,1841,1853,1845,1824,1798,1781,1781,1793
1814,1840,1853,1846,1827,1809,1798,1801,1813,1830
1846,1847,1834,1815,1806,1808,1821,1839,1849,1845
1831,1810,1794,1789,1800,1822,1845,1856,1851,1836
1818,1799,1795,1798,1811,1827,1835,1833,1827,1823
1827,1842,1864,1887,1901,1902,1898,1892,1895,1910
1933,1956,1971,1977,1977,1975,1981,2002,2032,2055
2070,2057,2021,1970,1932,1915,1909,1906,1901,1881
1850,1810,1779,1760,1757,1772,1790,1801,1791,1771
1747,1733,1728,1733,1745,1754,1757,1752,1745,1739
1739,1750,1766,1776,1775,1764,1747,1729,1715,1702
1678,1635,1576,1505,1442,1402,1405,1463,1581,1755
2010,2285,2567,2840,3080,3263,3387,3447,3422,3319
3150,2917,2657,2401,2165,1963,1783,1659,1555,1469
1406,1381,1413,1488,1590,1684,1747,1773,1766,1741
1718,1703,1695,1693,1690,1687,1681,1677,1679,1687
1699,1712,1723,1723,1712,1701,1697,1702,1717,1737
1747,1744,1734,1719,1710,1713,1731,1755,1777,1789
1785,1768,1751,1743,1744,1757,1772,1783,1783,1777
1764,1754,1757,1769,1781,1790,1790,1783,1776,1773
1780,1797,1825,1849,1857,1855,1843,1832,1832,1843
1858,1875,1883,1884,1879,1874,1877,1890,1909,1929
1940,1947,1942,1941,1941,1953,1971,1992,2012,2027
2028,2022,2020,2027,2051,2087,2115,2132,2135,2123
2115,2118,2134,2160,2192,2219,2234,2235,2226,2211
2200,2198,2206,2213,2211,2195,2171,2149,2132,2121
2116,2107,2089,2060,2022,1973,1938,1913,1900,1894
1883,1862,1835,1801,1772,1753,1746,1751,1755,1756
1742,1722,1702,1691,1694,1705,1719,1727,1723,1705
1683,1670,1667,1674,1689,1702,1709,1707,1700,1692
1693,1702,1708,1715,1714,1704,1691,1680,1675,1683
1697,1712,1722,1719,1707,1692,1685,1687,1702,1719
1731,1730,1720,1704,1691,1687,1696,1709,1724,1731
1729,1716,1703,1697,1699,1717,1734,1745,1746,1735
1719,1711,1709,1713,1726,1736,1739,1735,1725,1716
1710,1715,1725,1738,1745,1741,1728,1712,1706,1711
1724,1742,1756,1755,1746,1735,1725,1725,1733,1746
1759,1766,1762,1751,1740,1735,1738,1748,1763,1770
1769,1759,1749,1741,1743,1755,1774,1786,1788,1777
1763,1751,1747,1754,1767,1780,1787,1780,1764,1750
1745,1751,1769,1788,1799,1799,1793,1781,1775,1778
1787,1806,1817,1815,1806,1785,1773,1770,1779,1794
1811,1816,1808,1793,1781,1780,1787,1808,1823,1830
1826,1813,1799,1796,1803,1822,1845,1872,1879,1863
1841,1820,1809,1816,1836,1854,1862,1861,1851,1835
1826,1835,1854,1875,1883,1874,1855,1838,1831,1840
1859,1882,1895,1893,1881,1857,1837,1833,1842,1861
1884,1896,1893,1875,1856,1846,1851,1866,1886,1902
1903,1891,1881,1874,1875,1885,1903,1918,1926,1927
1923,1919,1922,1930,1947,1971,1986,1988,1985,1982
1988,2005,2029,2051,2076,2079,2070,2063,2068,2091
2126,2160,2177,2172,2147,2105,2072,2051,2045,2041
2046,2038,2011,1966,1919,1881,1866,1870,1880,1890
1887,1876,1863,1855,1859,1872,1887,1898,1897,1887
1869,1851,1846,1853,1867,1879,1883,1877,1865,1855
1854,1859,1862,1844,1792,1716,1637,1563,1516,1520
1573,1680,1858,2095,2358,2628,2901,3162,3370,3519
3600,3593,3507,3352,3135,2890,2643,2404,2192,2003
1830,1697,1606,1541,1519,1551,1619,1711,1805,1872
1904,1912,1904,1896,1893,1889,1880,1865,1847,1829
1828,1842,1869,1897,1913,1917,1904,1883,1866,1864
1879,1902,1919,1927,1925,1911,1899,1895,1902,1919
1939,1951,1951,1941,1928,1915,1913,1922,1939,1954
1958,1954,1946,1937,1937,1945,1963,1980,1992,1991
1983,1972,1969,1974,1986,2000,2007,2011,2009,2009
2011,2019,2034,2051,2071,2074,2067,2055,2051,2056
2074,2102,2125,2141,2147,2145,2144,2146,2160,2176
2194,2211,2219,2219,2218,2225,2241,2266,2290,2306
2317,2318,2315,2314,2326,2346,2371,2392,2405,2407
2401,2394,2393,2400,2417,2435,2443,2435,2415,2392
2373,2361,2358,2358,2349,2325,2288,2244,2203,2175
2160,2150,2146,2132,2107,2074,2041,2006,1993,1989
1988,1982,1969,1951,1927,1911,1911,1919,1936,1947
1948,1937,1915,1898,1890,1891,1905,1917,1925,1921
1907,1891,1883,1890,1902,1914,1923,1920,1909,1897
1888,1886,1897,1913,1923,1923,1912,1895,1883,1884
1895,1915,1931,1934,1925,1914,1906,1907,1914,1925
1937,1943,1941,1926,1911,1901,1901,1914,1936,1948
1949,1937,1923,1909,1904,1909,1925,1938,1943,1940
1927,1910,1900,1905,1919,1937,1947,1949,1940,1923
1906,1901,1906,1920,1933,1939,1933,1921,1913,1911
1919,1929,1936,1937,1931,1922,1916,1914,1919,1933
1949,1961,1960,1945,1924,1908,1904,1914,1932,1946
1947,1932,1910,1893,1887,1897,1915,1929,1936,1927
1911,1893,1885,1896,1915,1939,1949,1945,1936,1916
1906,1906,1913,1931,1939,1937,1926,1909,1893,1887
1893,1913,1931,1941,1937,1926,1910,1900,1901,1913
1925,1933,1929,1917,1899,1887,1888,1905,1927,1946
1955,1945,1927,1906,1894,1896,1911,1927,1941,1942
1931,1918,1909,1915,1928,1943,1948,1939,1923,1905
1896,1896,1909,1923,1933,1937,1931,1917,1908,1908
1911,1926,1939,1947,1941,1931,1922,1922,1932,1938
1946,1943,1936,1922,1899,1887,1889,1904,1928,1947
1955,1950,1936,1918,1906,1902,1913,1926,1936,1934
1923,1912,1905,1907,1919,1940,1959,1959,1946,1930
1921,1919,1929,1941,1951,1956,1954,1944,1937,1937
1945,1960,1979,1991,1997,1994,1995,2002,2016,2039
2064,2088,2093,2090,2085,2087,2101,2124,2150,2170
2174,2157,2123,2085,2052,2033,2019,2016,2007,1985
1949,1910,1872,1852,1849,1851,1856,1854,1847,1835
1827,1832,1847,1870,1885,1888,1875,1855,1835,1829
1835,1851,1869,1879,1875,1861,1845,1835,1835,1844
1845,1825,1773,1693,1609,1531,1489,1491,1543,1644
1801,2018,2267,2539,2826,3108,3344,3515,3612,3618
3539,3389,3179,2937,2685,2435,2202,1990,1793,1651
1555,1501,1488,1515,1583,1662,1742,1803,1833,1843
1841,1836,1831,1824,1810,1794,1778,1772,1779,1795
1815,1827,1828,1818,1808,1795,1799,1814,1831,1845
1850,1840,1823,1810,1805,1814,1832,1853,1863,1861
1850,1830,1821,1826,1836,1856,1870,1875,1872,1861
1855,1858,1866,1877,1889,1893,1888,1883,1874,1876
1887,1904,1923,1937,1940,1931,1920,1915,1925,1940
1959,1974,1979,1973,1960,1952,1955,1974,1998,2021
2036,2040,2035,2028,2030,2042,2064,2094,2109,2115
2118,2117,2119,2131,2153,2176,2197,2209,2213,2211
2214,2225,2245,2267,2289,2300,2304,2298,2290,2288
2295,2312,2332,2347,2349,2338,2316,2297,2285,2279
2275,2266,2249,2221,2184,2144,2113,2085,2066,2050
2028,1991,1951,1915,1890,1876,1873,1874,1872,1861
1840,1815,1797,1791,1797,1814,1825,1821,1808,1785
1765,1755,1763,1777,1791,1799,1792,1781,1767,1759
1761,1771,1782,1788,1785,1771,1758,1750,1752,1765
1779,1795,1805,1803,1790,1779,1773,1780,1796,1812
1815,1808,1791,1776,1769,1773,1790,1808,1819,1816
1801,1780,1764,1761,1771,1793,1815,1826,1819,1804
1787,1782,1783,1794,1809,1815,1808,1792,1776,1769
1773,1787,1803,1813,1819,1813,1802,1791,1787,1793
1803,1811,1817,1815,1799,1787,1786,1795,1813,1832
1841,1836,1820,1797,1783,1781,1790,1807,1822,1824
1814,1798,1785,1787,1798,1815,1826,1831,1825,1809
1794,1787,1794,1813,1835,1845,1841,1825,1808,1800
1808,1821,1835,1843,1838,1827,1811,1795,1791,1805
1820,1836,1840,1835,1822,1815,1815,1824,1837,1850
1854,1844,1824,1801,1790,1796,1815,1840,1853,1855
1845,1826,1808,1802,1810,1823,1834,1837,1830,1818
1809,1812,1825,1844,1858,1865,1861,1843,1827,1817
1818,1831,1852,1868,1872,1861,1843,1828,1819,1826
1843,1859,1862,1857,1845,1835,1831,1841,1857,1873
1878,1871,1856,1843,1834,1838,1850,1865,1877,1873
1860,1846,1834,1834,1843,1858,1872,1875,1866,1850
1831,1822,1829,1843,1859,1868,1868,1855,1840,1833
1837,1849,1862,1875,1879,1868,1847,1830,1823,1829
1843,1861,1878,1888,1893,1891,1891,1904,1924,1947
1962,1962,1957,1949,1953,1967,1992,2015,2028,2029
2022,2014,2012,2032,2064,2101,2120,2123,2105,2070
2031,1987,1970,1964,1966,1958,1937,1899,1855,1818
1800,1801,1815,1825,1824,1812,1796,1785,1784,1793
1811,1833,1851,1849,1835,1818,1805,1803,1813,1827
1840,1842,1833,1816,1799,1785,1774,1751,1712,1650
1577,1501,1453,1452,1507,1620,1797,2045,2320,2607
2887,3153,3362,3513,3593,3591,3504,3335,3101,2832
2555,2295,2069,1873,1698,1578,1483,1419,1397,1430
1507,1607,1697,1765,1798,1797,1781,1764,1751,1745
1739,1730,1719,1714,1713,1721,1737,1757,1771,1771
1763,1744,1730,1727,1740,1754,1776,1787,1781,1763
1744,1735,1738,1753,1769,1779,1782,1776,1765,1758
1765,1781,1803,1822,1836,1835,1825,1813,1803,1806
1815,1830,1844,1846,1838,1824,1818,1823,1837,1851
1861,1863,1857,1847,1842,1845,1860,1886,1907,1918
1914,1905,1899,1897,1907,1920,1939,1957,1962,1962
1963,1968,1989,2013,2036,2052,2058,2047,2033,2028
2038,2066,2103,2131,2146,2147,2142,2135,2137,2151
2176,2201,2217,2222,2218,2211,2209,2219,2236,2258
2275,2279,2269,2250,2230,2213,2199,2190,2176,2154
2123,2083,2041,2000,1979,1968,1959,1946,1926,1894
1858,1825,1803,1795,1795,1793,1785,1773,1754,1735
1724,1726,1727,1731,1730,1725,1713,1707,1706,1712
1725,1735,1737,1731,1714,1701,1693,1700,1718,1742
1761,1759,1745,1723,1707,1697,1704,1716,1733,1742
1741,1729,1717,1714,1722,1734,1748,1759,1756,1745
1728,1717,1721,1731,1747,1757,1759,1749,1734,1721
1721,1730,1746,1760,1768,1763,1746,1734,1730,1734
1745,1759,1768,1766,1757,1746,1734,1731,1738,1750
1759,1759,1754,1746,1737,1738,1749,1767,1782,1787
1783,1770,1751,1739,1742,1757,1773,1779,1778,1762
1747,1735,1735,1749,1770,1787,1794,1787,1774,1757
1748,1749,1763,1776,1779,1776,1761,1748,1744,1754
1768,1784,1794,1792,1781,1765,1751,1749,1757,1774
1791,1797,1789,1773,1759,1760,1770,1785,1799,1806
1797,1777,1760,1747,1751,1765,1784,1799,1802,1791
1772,1763,1763,1776,1793,1803,1808,1801,1789,1775
1770,1777,1788,1802,1808,1803,1790,1778,1774,1782
1795,1813,1823,1822,1811,1796,1787,1786,1792,1805
1815,1814,1807,1792,1780,1776,1780,1794,1808,1815
1812,1794,1778,1774,1783,1801,1823,1837,1840,1831
1818,1808,1808,1815,1825,1836,1837,1827,1813,1801
1792,1797,1811,1821,1826,1819,1804,1788,1780,1785
1801,1821,1837,1842,1832,1816,1808,1808,1821,1841
1862,1874,1874,1866,1858,1861,1880,1904,1931,1943
1945,1939,1933,1936,1942,1959,1979,1999,2011,2016
2022,2029,2041,2056,2071,2068,2051,2019,1968,1929
1902,1894,1892,1887,1872,1841,1797,1763,1748,1754
1769,1788,1802,1805,1794,1776,1761,1754,1759,1774
1790,1797,1795,1786,1772,1761,1761,1771,1789,1802
1798,1781,1745,1699,1643,1586,1531,1488,1456,1451
1486,1570,1716,1955,2246,2561,2873,3154,3371,3518
3595,3600,3531,3395,3186,2925,2636,2345,2078,1855
1675,1564,1482,1424,1387,1394,1443,1527,1627,1720
1789,1819,1810,1773,1734,1707,1695,1699,1713,1726
1729,1725,1715,1707,1712,1727,1746,1761,1766,1755
1740,1727,1728,1741,1762,1779,1793,1792,1783,1771
1762,1765,1778,1794,1799,1792,1778,1763,1758,1771
1799,1827,1849,1853,1843,1822,1807,1801,1815,1841
1866,1878,1871,1855,1840,1832,1840,1859,1882,1899
1905,1900,1887,1881,1890,1911,1936,1958,1969,1973
1963,1949,1944,1954,1977,2002,2017,2021,2012,2007
2011,2025,2056,2100,2129,2140,2139,2130,2127,2139
2164,2198,2229,2248,2256,2250,2237,2235,2245,2266
2288,2301,2305,2304,2299,2298,2302,2311,2325,2331
2322,2300,2269,2235,2211,2197,2188,2176,2154,2121
2080,2037,1995,1975,1968,1965,1949,1919,1881,1847
1825,1814,1815,1821,1823,1815,1798,1773,1754,1748
